1.617000000000000000e+03 1.000000000000000000e+01 3.378000000000000000e+03
8.375000000000000000e+03 3.800000000000000000e+01 8.999000000000000000e+03
8.851000000000000000e+03 2.020000000000000000e+02 3.942000000000000000e+03
2.539000000000000000e+03 1.360000000000000000e+02 1.194000000000000000e+03
6.570000000000000000e+02 1.140000000000000000e+02 7.075000000000000000e+03
1.103500000000000000e+04 3.000000000000000000e+00 1.103500000000000000e+04
4.885000000000000000e+03 1.650000000000000000e+02 1.233600000000000000e+04
3.976000000000000000e+03 2.200000000000000000e+01 7.315000000000000000e+03
8.063000000000000000e+03 1.980000000000000000e+02 5.125000000000000000e+03
1.545000000000000000e+03 2.020000000000000000e+02 5.032000000000000000e+03
6.087000000000000000e+03 1.460000000000000000e+02 6.530000000000000000e+02
5.674000000000000000e+03 4.460000000000000000e+02 4.900000000000000000e+01
5.450000000000000000e+02 1.430000000000000000e+02 6.350000000000000000e+02
1.077300000000000000e+04 8.400000000000000000e+01 2.300000000000000000e+02
4.010000000000000000e+02 1.000000000000000000e+01 6.820000000000000000e+02
2.304000000000000000e+03 6.100000000000000000e+01 2.880000000000000000e+03
4.694000000000000000e+03 7.200000000000000000e+01 3.670000000000000000e+02
3.340000000000000000e+02 1.500000000000000000e+01 3.340000000000000000e+02
7.074000000000000000e+03 2.300000000000000000e+01 5.800000000000000000e+01
4.005000000000000000e+03 1.400000000000000000e+01 4.940000000000000000e+02
3.741000000000000000e+03 1.640000000000000000e+02 1.861000000000000000e+03
9.918000000000000000e+03 3.800000000000000000e+02 9.918000000000000000e+03
6.280000000000000000e+02 1.100000000000000000e+01 3.415000000000000000e+03
9.420000000000000000e+02 2.000000000000000000e+01 3.123000000000000000e+03
9.738000000000000000e+03 2.700000000000000000e+01 1.395000000000000000e+03
8.970000000000000000e+02 9.200000000000000000e+01 8.970000000000000000e+02
1.089800000000000000e+04 2.320000000000000000e+02 1.089800000000000000e+04
2.200000000000000000e+01 1.100000000000000000e+01 8.288000000000000000e+03
2.970000000000000000e+03 1.600000000000000000e+01 1.942000000000000000e+03
7.214000000000000000e+03 1.900000000000000000e+01 3.294000000000000000e+03
9.890000000000000000e+03 9.200000000000000000e+01 1.101300000000000000e+04
2.746000000000000000e+03 3.020000000000000000e+02 2.700000000000000000e+03
4.360000000000000000e+02 6.400000000000000000e+01 1.196000000000000000e+03
2.678000000000000000e+03 2.790000000000000000e+02 1.992000000000000000e+03
5.119000000000000000e+03 4.900000000000000000e+01 1.746000000000000000e+03
6.530000000000000000e+02 1.860000000000000000e+02 1.444800000000000000e+04
5.766000000000000000e+03 1.360000000000000000e+02 5.291000000000000000e+03
1.038000000000000000e+03 2.700000000000000000e+02 1.785000000000000000e+03
5.110000000000000000e+02 8.000000000000000000e+01 1.942000000000000000e+03
2.211000000000000000e+03 1.670000000000000000e+02 8.450000000000000000e+02
1.073000000000000000e+03 3.100000000000000000e+01 2.917000000000000000e+03
9.366000000000000000e+03 2.000000000000000000e+01 6.350000000000000000e+02
7.750000000000000000e+02 7.200000000000000000e+01 2.531000000000000000e+03
1.740000000000000000e+02 5.000000000000000000e+00 1.015200000000000000e+04
2.972000000000000000e+03 3.260000000000000000e+02 9.790000000000000000e+02
1.215200000000000000e+04 6.620000000000000000e+02 9.879000000000000000e+03
6.515000000000000000e+03 2.200000000000000000e+01 8.970000000000000000e+02
3.045000000000000000e+03 3.800000000000000000e+01 2.402000000000000000e+03
1.490000000000000000e+02 1.280000000000000000e+02 3.480000000000000000e+03
1.837000000000000000e+03 5.200000000000000000e+01 9.441000000000000000e+03
1.128500000000000000e+04 2.300000000000000000e+01 1.258600000000000000e+04
4.056000000000000000e+03 4.100000000000000000e+01 2.400000000000000000e+01
3.715000000000000000e+03 5.300000000000000000e+01 8.673000000000000000e+03
1.010000000000000000e+02 9.100000000000000000e+01 3.900000000000000000e+03
8.890000000000000000e+02 5.300000000000000000e+01 1.158900000000000000e+04
6.224000000000000000e+03 2.100000000000000000e+01 2.510000000000000000e+02
5.000000000000000000e+02 1.480000000000000000e+02 4.990000000000000000e+02
7.924000000000000000e+03 9.000000000000000000e+00 1.153800000000000000e+04
1.300800000000000000e+04 1.470000000000000000e+02 5.690000000000000000e+02
3.801000000000000000e+03 3.700000000000000000e+01 1.814000000000000000e+03
6.941000000000000000e+03 5.000000000000000000e+01 7.799000000000000000e+03
3.361000000000000000e+03 1.380000000000000000e+02 1.700000000000000000e+01
9.880000000000000000e+02 4.500000000000000000e+01 1.045500000000000000e+04
4.175000000000000000e+03 7.200000000000000000e+01 5.107000000000000000e+03
5.930000000000000000e+02 2.700000000000000000e+01 9.534000000000000000e+03
6.570000000000000000e+02 1.140000000000000000e+02 8.576000000000000000e+03
8.243000000000000000e+03 1.730000000000000000e+02 1.092300000000000000e+04
3.791000000000000000e+03 7.900000000000000000e+01 5.087000000000000000e+03
1.016800000000000000e+04 1.790000000000000000e+02 1.567000000000000000e+03
4.010000000000000000e+02 2.000000000000000000e+01 5.800000000000000000e+01
7.712000000000000000e+03 2.500000000000000000e+01 2.191000000000000000e+03
3.981000000000000000e+03 5.300000000000000000e+01 3.030000000000000000e+03
1.504000000000000000e+03 2.000000000000000000e+01 6.350000000000000000e+02
1.080000000000000000e+03 3.820000000000000000e+02 2.517000000000000000e+03
2.674000000000000000e+03 5.100000000000000000e+02 1.156000000000000000e+03
7.012000000000000000e+03 2.000000000000000000e+01 7.610000000000000000e+02
1.181000000000000000e+03 3.100000000000000000e+01 2.993000000000000000e+03
1.111500000000000000e+04 7.000000000000000000e+00 9.214000000000000000e+03
1.340000000000000000e+02 1.600000000000000000e+01 6.996000000000000000e+03
1.000000000000000000e+01 5.000000000000000000e+00 9.484000000000000000e+03
1.290000000000000000e+02 3.500000000000000000e+01 5.901000000000000000e+03
2.413000000000000000e+03 6.900000000000000000e+01 5.361000000000000000e+03
9.770000000000000000e+02 3.100000000000000000e+01 2.504000000000000000e+03
4.039000000000000000e+03 2.340000000000000000e+02 6.528000000000000000e+03
5.090000000000000000e+03 3.600000000000000000e+02 3.216000000000000000e+03
9.340000000000000000e+02 5.300000000000000000e+01 2.022000000000000000e+03
1.408200000000000000e+04 2.580000000000000000e+02 1.542000000000000000e+03
1.580000000000000000e+02 5.200000000000000000e+01 7.940000000000000000e+02
6.377000000000000000e+03 5.400000000000000000e+01 7.614000000000000000e+03
9.516000000000000000e+03 4.800000000000000000e+01 5.800000000000000000e+01
6.820000000000000000e+02 2.600000000000000000e+01 1.056700000000000000e+04
7.244000000000000000e+03 2.000000000000000000e+01 1.381000000000000000e+03
5.199000000000000000e+03 7.300000000000000000e+01 2.140000000000000000e+02
6.136000000000000000e+03 2.000000000000000000e+01 5.460000000000000000e+02
1.178000000000000000e+03 3.000000000000000000e+01 1.429000000000000000e+03
4.873000000000000000e+03 2.500000000000000000e+01 2.788000000000000000e+03
9.288000000000000000e+03 3.700000000000000000e+01 1.175000000000000000e+03
1.221000000000000000e+03 6.000000000000000000e+01 4.336000000000000000e+03
6.316000000000000000e+03 4.400000000000000000e+01 4.000000000000000000e+00
1.254000000000000000e+04 9.000000000000000000e+00 7.063000000000000000e+03
1.002100000000000000e+04 1.290000000000000000e+02 5.520000000000000000e+02
1.038700000000000000e+04 9.000000000000000000e+00 1.332000000000000000e+03
1.740000000000000000e+02 2.610000000000000000e+02 1.119500000000000000e+04
5.803000000000000000e+03 5.300000000000000000e+01 1.646000000000000000e+03
2.261000000000000000e+03 6.300000000000000000e+01 9.965000000000000000e+03
1.010000000000000000e+02 9.100000000000000000e+01 3.900000000000000000e+03
7.100000000000000000e+01 3.200000000000000000e+01 9.746000000000000000e+03
3.432000000000000000e+03 7.100000000000000000e+01 4.620000000000000000e+03
1.250000000000000000e+03 1.000000000000000000e+00 8.274000000000000000e+03
5.787000000000000000e+03 2.770000000000000000e+02 1.148100000000000000e+04
9.274000000000000000e+03 1.050000000000000000e+02 9.274000000000000000e+03
1.063300000000000000e+04 3.700000000000000000e+01 6.300000000000000000e+02
2.484000000000000000e+03 3.200000000000000000e+01 7.617000000000000000e+03
2.933000000000000000e+03 4.400000000000000000e+01 1.271000000000000000e+03
4.030000000000000000e+02 9.100000000000000000e+01 2.358000000000000000e+03
7.025000000000000000e+03 2.020000000000000000e+02 9.990000000000000000e+02
8.900000000000000000e+01 4.000000000000000000e+01 3.767000000000000000e+03
1.150000000000000000e+02 2.000000000000000000e+02 3.434000000000000000e+03
2.855000000000000000e+03 3.000000000000000000e+00 2.855000000000000000e+03
1.304000000000000000e+03 7.000000000000000000e+01 9.469000000000000000e+03
1.671000000000000000e+03 4.680000000000000000e+02 3.010000000000000000e+02
8.900000000000000000e+01 2.020000000000000000e+02 3.942000000000000000e+03
9.910000000000000000e+02 4.000000000000000000e+01 3.906000000000000000e+03
1.128400000000000000e+04 9.200000000000000000e+01 5.785000000000000000e+03
2.260000000000000000e+02 1.000000000000000000e+01 1.610000000000000000e+02
1.252600000000000000e+04 1.650000000000000000e+02 3.322000000000000000e+03
1.837000000000000000e+03 4.600000000000000000e+01 7.790000000000000000e+02
3.192000000000000000e+03 2.800000000000000000e+01 4.464000000000000000e+03
4.993000000000000000e+03 1.300000000000000000e+01 4.993000000000000000e+03
7.306000000000000000e+03 9.000000000000000000e+00 6.976000000000000000e+03
3.584000000000000000e+03 2.090000000000000000e+02 3.500000000000000000e+01
1.070000000000000000e+02 3.100000000000000000e+01 1.226600000000000000e+04
7.890000000000000000e+02 4.870000000000000000e+02 1.045000000000000000e+04
9.659000000000000000e+03 3.820000000000000000e+02 4.610000000000000000e+03
3.409000000000000000e+03 6.100000000000000000e+01 7.372000000000000000e+03
1.501000000000000000e+03 1.570000000000000000e+02 1.500000000000000000e+03
7.932000000000000000e+03 2.600000000000000000e+01 6.692000000000000000e+03
4.067000000000000000e+03 3.700000000000000000e+01 3.230000000000000000e+02
5.334000000000000000e+03 5.220000000000000000e+02 3.628000000000000000e+03
9.121000000000000000e+03 1.030000000000000000e+02 3.750000000000000000e+02
4.468000000000000000e+03 1.530000000000000000e+02 2.882000000000000000e+03
6.523000000000000000e+03 7.000000000000000000e+00 9.165000000000000000e+03
9.806000000000000000e+03 1.680000000000000000e+02 3.600000000000000000e+01
4.088000000000000000e+03 4.300000000000000000e+01 4.030000000000000000e+02
7.010000000000000000e+02 2.600000000000000000e+01 5.908000000000000000e+03
5.569000000000000000e+03 1.300000000000000000e+01 5.569000000000000000e+03
7.120000000000000000e+02 3.700000000000000000e+01 1.000100000000000000e+04
4.200000000000000000e+01 5.200000000000000000e+01 4.000000000000000000e+00
2.303000000000000000e+03 7.200000000000000000e+01 1.272000000000000000e+03
3.237000000000000000e+03 7.900000000000000000e+01 2.598000000000000000e+03
1.230600000000000000e+04 3.600000000000000000e+01 6.130000000000000000e+03
5.820000000000000000e+03 5.200000000000000000e+02 3.462000000000000000e+03
1.012800000000000000e+04 1.570000000000000000e+02 1.264600000000000000e+04
4.824000000000000000e+03 2.860000000000000000e+02 8.040000000000000000e+02
8.057000000000000000e+03 3.250000000000000000e+02 4.740000000000000000e+02
1.232100000000000000e+04 1.190000000000000000e+02 1.109200000000000000e+04
8.170000000000000000e+03 5.800000000000000000e+01 2.927000000000000000e+03
1.201900000000000000e+04 2.110000000000000000e+02 1.380000000000000000e+02
6.291000000000000000e+03 1.300000000000000000e+01 6.291000000000000000e+03
4.715000000000000000e+03 1.710000000000000000e+02 1.740000000000000000e+02
1.082000000000000000e+03 1.300000000000000000e+01 1.082000000000000000e+03
4.540000000000000000e+03 1.710000000000000000e+02 1.740000000000000000e+02
5.541000000000000000e+03 1.300000000000000000e+01 5.541000000000000000e+03
5.690000000000000000e+02 1.850000000000000000e+02 1.023000000000000000e+03
3.770000000000000000e+03 7.700000000000000000e+01 6.002000000000000000e+03
1.039000000000000000e+03 4.900000000000000000e+01 2.587000000000000000e+03
3.926000000000000000e+03 2.200000000000000000e+01 5.660000000000000000e+03
5.028000000000000000e+03 2.000000000000000000e+01 3.279000000000000000e+03
6.435000000000000000e+03 1.460000000000000000e+02 3.335000000000000000e+03
1.295200000000000000e+04 9.000000000000000000e+00 7.440000000000000000e+02
6.300000000000000000e+03 1.380000000000000000e+02 2.482000000000000000e+03
3.600000000000000000e+01 3.500000000000000000e+02 1.920000000000000000e+02
9.901000000000000000e+03 2.100000000000000000e+01 3.663000000000000000e+03
1.700000000000000000e+01 5.000000000000000000e+00 1.115700000000000000e+04
4.755000000000000000e+03 4.800000000000000000e+01 5.800000000000000000e+01
9.729000000000000000e+03 9.000000000000000000e+00 5.126000000000000000e+03
1.181000000000000000e+04 2.250000000000000000e+02 1.099800000000000000e+04
3.201000000000000000e+03 9.000000000000000000e+00 1.036000000000000000e+03
1.451000000000000000e+03 8.000000000000000000e+01 5.600000000000000000e+01
9.929000000000000000e+03 9.700000000000000000e+01 1.380000000000000000e+02
3.262000000000000000e+03 1.140000000000000000e+02 5.940000000000000000e+02
2.480000000000000000e+02 3.500000000000000000e+01 2.189000000000000000e+03
5.171000000000000000e+03 7.900000000000000000e+01 1.025700000000000000e+04
2.786000000000000000e+03 5.300000000000000000e+01 9.089000000000000000e+03
5.540000000000000000e+03 7.910000000000000000e+02 6.093000000000000000e+03
2.871000000000000000e+03 2.000000000000000000e+00 3.351000000000000000e+03
3.750000000000000000e+02 1.130000000000000000e+02 6.433000000000000000e+03
6.931000000000000000e+03 9.000000000000000000e+00 4.170000000000000000e+03
1.356900000000000000e+04 1.640000000000000000e+02 2.792000000000000000e+03
1.682000000000000000e+03 3.900000000000000000e+01 7.320000000000000000e+02
1.818000000000000000e+03 2.860000000000000000e+02 1.402000000000000000e+03
4.888000000000000000e+03 5.200000000000000000e+01 8.132000000000000000e+03
3.576000000000000000e+03 2.100000000000000000e+01 3.663000000000000000e+03
3.258000000000000000e+03 4.100000000000000000e+02 3.258000000000000000e+03
4.238000000000000000e+03 1.840000000000000000e+02 5.520000000000000000e+02
2.794000000000000000e+03 1.100000000000000000e+01 2.649000000000000000e+03
4.857000000000000000e+03 5.660000000000000000e+02 6.443000000000000000e+03
6.017000000000000000e+03 9.400000000000000000e+01 7.448000000000000000e+03
5.800000000000000000e+02 3.780000000000000000e+02 2.510000000000000000e+02
8.720000000000000000e+03 6.430000000000000000e+02 1.386800000000000000e+04
2.253000000000000000e+03 7.000000000000000000e+00 9.572000000000000000e+03
1.350300000000000000e+04 5.700000000000000000e+01 5.800000000000000000e+01
6.389000000000000000e+03 2.770000000000000000e+02 1.128900000000000000e+04
1.924000000000000000e+03 4.900000000000000000e+01 1.110000000000000000e+02
5.880000000000000000e+03 1.380000000000000000e+02 1.460000000000000000e+02
2.100000000000000000e+01 2.600000000000000000e+01 3.061000000000000000e+03
1.234400000000000000e+04 4.300000000000000000e+01 1.010000000000000000e+02
8.310000000000000000e+02 3.800000000000000000e+01 6.430000000000000000e+02
2.272000000000000000e+03 1.640000000000000000e+02 6.973000000000000000e+03
4.219000000000000000e+03 2.350000000000000000e+02 3.500000000000000000e+01
8.590000000000000000e+02 1.130000000000000000e+02 2.092000000000000000e+03
3.565000000000000000e+03 3.000000000000000000e+00 3.565000000000000000e+03
1.991000000000000000e+03 2.600000000000000000e+01 9.500000000000000000e+03
1.376000000000000000e+03 5.400000000000000000e+01 7.260000000000000000e+03
1.153500000000000000e+04 3.000000000000000000e+00 1.153500000000000000e+04
4.982000000000000000e+03 1.700000000000000000e+01 3.500000000000000000e+01
6.750000000000000000e+03 9.000000000000000000e+00 4.638000000000000000e+03
5.270000000000000000e+02 1.280000000000000000e+02 4.444000000000000000e+03
1.458000000000000000e+03 3.000000000000000000e+00 1.458000000000000000e+03
1.490000000000000000e+02 6.100000000000000000e+01 3.584000000000000000e+03
4.131000000000000000e+03 1.380000000000000000e+02 1.134100000000000000e+04
1.944000000000000000e+03 1.100000000000000000e+01 1.105800000000000000e+04
4.938000000000000000e+03 8.480000000000000000e+02 5.800000000000000000e+01
1.300800000000000000e+04 1.380000000000000000e+02 1.740000000000000000e+02
2.299000000000000000e+03 7.200000000000000000e+01 4.721000000000000000e+03
1.278000000000000000e+03 3.420000000000000000e+02 1.649000000000000000e+03
5.574000000000000000e+03 3.290000000000000000e+02 7.728000000000000000e+03
2.449000000000000000e+03 5.200000000000000000e+01 2.070000000000000000e+02
1.854000000000000000e+03 1.300000000000000000e+01 1.854000000000000000e+03
3.317000000000000000e+03 1.300000000000000000e+01 3.317000000000000000e+03
9.964000000000000000e+03 5.200000000000000000e+01 2.480000000000000000e+02
1.485000000000000000e+03 3.800000000000000000e+01 3.178000000000000000e+03
2.830000000000000000e+02 3.100000000000000000e+01 2.571000000000000000e+03
9.890000000000000000e+02 8.000000000000000000e+00 1.740000000000000000e+02
4.030000000000000000e+02 9.100000000000000000e+01 2.358000000000000000e+03
5.670000000000000000e+02 3.100000000000000000e+01 4.095000000000000000e+03
3.600000000000000000e+01 1.800000000000000000e+01 4.875000000000000000e+03
1.131000000000000000e+04 2.000000000000000000e+01 3.341000000000000000e+03
6.875000000000000000e+03 1.850000000000000000e+02 1.314200000000000000e+04
7.933000000000000000e+03 7.100000000000000000e+01 6.200000000000000000e+01
1.600000000000000000e+03 1.100000000000000000e+01 1.764000000000000000e+03
3.482000000000000000e+03 2.910000000000000000e+02 1.257900000000000000e+04
4.263000000000000000e+03 1.290000000000000000e+02 5.810000000000000000e+03
1.282000000000000000e+03 4.300000000000000000e+01 4.030000000000000000e+02
2.118000000000000000e+03 1.600000000000000000e+01 3.640000000000000000e+02
5.634000000000000000e+03 1.640000000000000000e+02 1.252000000000000000e+03
1.975000000000000000e+03 2.200000000000000000e+01 2.194000000000000000e+03
1.700000000000000000e+01 5.000000000000000000e+00 1.295300000000000000e+04
2.023000000000000000e+03 5.300000000000000000e+01 1.816000000000000000e+03
1.015300000000000000e+04 4.010000000000000000e+02 4.482000000000000000e+03
1.286300000000000000e+04 2.120000000000000000e+02 1.905000000000000000e+03
4.110000000000000000e+03 2.300000000000000000e+01 1.396800000000000000e+04
1.000000000000000000e+01 2.610000000000000000e+02 9.484000000000000000e+03
7.470000000000000000e+03 3.800000000000000000e+01 3.812000000000000000e+03
4.842000000000000000e+03 1.900000000000000000e+01 4.841000000000000000e+03
3.350000000000000000e+02 1.500000000000000000e+01 3.350000000000000000e+02
7.935000000000000000e+03 7.000000000000000000e+00 5.380000000000000000e+02
7.129000000000000000e+03 1.210000000000000000e+02 2.400000000000000000e+02
8.107000000000000000e+03 3.450000000000000000e+02 8.860000000000000000e+02
8.544000000000000000e+03 1.640000000000000000e+02 1.128700000000000000e+04
1.890000000000000000e+02 1.920000000000000000e+02 1.802000000000000000e+03
1.315100000000000000e+04 4.300000000000000000e+01 1.010000000000000000e+02
1.500000000000000000e+02 2.000000000000000000e+01 7.060000000000000000e+02
8.920000000000000000e+02 4.900000000000000000e+01 1.063000000000000000e+03
2.731000000000000000e+03 1.800000000000000000e+01 5.439000000000000000e+03
2.946000000000000000e+03 2.050000000000000000e+02 1.112400000000000000e+04
3.400000000000000000e+03 1.370000000000000000e+02 7.847000000000000000e+03
2.585000000000000000e+03 3.700000000000000000e+01 3.500000000000000000e+01
4.258000000000000000e+03 1.460000000000000000e+02 4.203000000000000000e+03
1.691000000000000000e+03 3.700000000000000000e+01 1.224000000000000000e+03
2.062000000000000000e+03 6.100000000000000000e+01 2.970000000000000000e+02
3.443000000000000000e+03 1.100000000000000000e+01 4.951000000000000000e+03
1.224900000000000000e+04 3.000000000000000000e+00 1.224900000000000000e+04
8.668000000000000000e+03 3.620000000000000000e+02 1.380000000000000000e+02
7.923000000000000000e+03 5.000000000000000000e+01 1.478000000000000000e+03
3.000000000000000000e+01 1.500000000000000000e+01 3.000000000000000000e+01
9.090000000000000000e+02 1.600000000000000000e+01 5.057000000000000000e+03
1.238500000000000000e+04 7.200000000000000000e+01 6.083000000000000000e+03
9.440000000000000000e+02 9.000000000000000000e+00 9.450000000000000000e+02
2.637000000000000000e+03 1.350000000000000000e+02 6.795000000000000000e+03
1.096200000000000000e+04 3.500000000000000000e+01 5.601000000000000000e+03
8.118000000000000000e+03 7.300000000000000000e+01 2.140000000000000000e+02
9.802000000000000000e+03 7.660000000000000000e+02 1.010000000000000000e+02
2.568000000000000000e+03 2.600000000000000000e+01 4.277000000000000000e+03
1.156000000000000000e+03 3.940000000000000000e+02 3.770000000000000000e+03
9.338000000000000000e+03 1.280000000000000000e+02 2.504000000000000000e+03
4.574000000000000000e+03 6.220000000000000000e+02 6.053000000000000000e+03
4.210000000000000000e+03 4.300000000000000000e+01 1.010000000000000000e+02
1.246000000000000000e+03 3.000000000000000000e+01 2.300000000000000000e+02
5.858000000000000000e+03 3.500000000000000000e+01 5.524000000000000000e+03
1.052000000000000000e+04 6.400000000000000000e+02 1.146900000000000000e+04
9.228000000000000000e+03 3.840000000000000000e+02 1.100100000000000000e+04
6.805000000000000000e+03 4.300000000000000000e+01 1.010000000000000000e+02
9.799000000000000000e+03 4.300000000000000000e+01 4.030000000000000000e+02
1.334300000000000000e+04 3.100000000000000000e+02 1.380000000000000000e+02
2.120000000000000000e+02 1.560000000000000000e+02 4.588000000000000000e+03
3.414000000000000000e+03 1.900000000000000000e+01 5.140000000000000000e+02
9.655000000000000000e+03 3.260000000000000000e+02 2.241000000000000000e+03
5.926000000000000000e+03 3.500000000000000000e+01 6.267000000000000000e+03
1.080700000000000000e+04 2.100000000000000000e+02 2.530000000000000000e+02
8.082000000000000000e+03 2.000000000000000000e+02 2.510000000000000000e+02
3.068000000000000000e+03 6.100000000000000000e+01 3.522000000000000000e+03
2.525000000000000000e+03 3.700000000000000000e+01 1.678000000000000000e+03
7.605000000000000000e+03 2.000000000000000000e+00 7.659000000000000000e+03
1.751000000000000000e+03 8.000000000000000000e+01 1.182000000000000000e+03
1.260500000000000000e+04 2.300000000000000000e+01 8.246000000000000000e+03
1.175000000000000000e+03 7.900000000000000000e+01 7.811000000000000000e+03
6.751000000000000000e+03 6.300000000000000000e+01 6.530000000000000000e+02
5.565000000000000000e+03 2.600000000000000000e+01 6.520000000000000000e+03
5.270000000000000000e+02 3.550000000000000000e+02 5.107000000000000000e+03
3.157000000000000000e+03 1.000000000000000000e+01 1.006000000000000000e+03
1.195100000000000000e+04 3.260000000000000000e+02 7.060000000000000000e+02
1.037000000000000000e+03 6.100000000000000000e+01 1.259000000000000000e+03
3.874000000000000000e+03 2.200000000000000000e+01 2.250000000000000000e+03
1.614000000000000000e+03 2.910000000000000000e+02 1.912000000000000000e+03
9.540000000000000000e+02 4.200000000000000000e+01 3.595000000000000000e+03
1.230700000000000000e+04 2.170000000000000000e+02 1.230800000000000000e+04
2.752000000000000000e+03 5.660000000000000000e+02 1.063000000000000000e+03
7.819000000000000000e+03 1.920000000000000000e+02 2.706000000000000000e+03
4.411000000000000000e+03 2.000000000000000000e+01 7.610000000000000000e+02
1.151600000000000000e+04 2.800000000000000000e+01 2.984000000000000000e+03
6.634000000000000000e+03 7.900000000000000000e+01 1.120500000000000000e+04
1.747000000000000000e+03 2.290000000000000000e+02 1.760000000000000000e+02
5.909000000000000000e+03 1.510000000000000000e+02 6.040000000000000000e+02
5.310000000000000000e+02 1.400000000000000000e+02 3.710000000000000000e+03
9.924000000000000000e+03 1.000000000000000000e+01 2.200000000000000000e+01
1.040900000000000000e+04 1.420000000000000000e+02 4.943000000000000000e+03
7.596000000000000000e+03 3.000000000000000000e+01 6.510000000000000000e+02
8.016000000000000000e+03 1.960000000000000000e+02 8.016000000000000000e+03
2.784000000000000000e+03 9.000000000000000000e+00 2.740000000000000000e+02
6.406000000000000000e+03 1.300000000000000000e+01 6.406000000000000000e+03
5.213000000000000000e+03 2.300000000000000000e+01 6.350000000000000000e+02
2.780000000000000000e+02 3.400000000000000000e+01 3.916000000000000000e+03
1.704000000000000000e+03 4.440000000000000000e+02 1.704000000000000000e+03
3.294000000000000000e+03 1.190000000000000000e+02 6.570000000000000000e+02
6.267000000000000000e+03 2.270000000000000000e+02 1.193100000000000000e+04
1.385000000000000000e+03 2.600000000000000000e+01 1.225000000000000000e+03
4.593000000000000000e+03 9.900000000000000000e+01 5.148000000000000000e+03
1.255900000000000000e+04 3.700000000000000000e+01 6.210000000000000000e+02
1.603000000000000000e+03 1.000000000000000000e+01 1.340000000000000000e+02
2.805000000000000000e+03 2.510000000000000000e+02 9.184000000000000000e+03
1.028100000000000000e+04 9.000000000000000000e+00 6.676000000000000000e+03
9.855000000000000000e+03 2.110000000000000000e+02 1.380000000000000000e+02
1.446000000000000000e+03 7.200000000000000000e+01 2.000000000000000000e+02
1.060600000000000000e+04 5.600000000000000000e+01 1.380000000000000000e+02
1.095000000000000000e+03 3.600000000000000000e+01 1.046000000000000000e+04
4.018000000000000000e+03 5.600000000000000000e+01 1.380000000000000000e+02
8.774000000000000000e+03 1.300000000000000000e+01 8.774000000000000000e+03
4.030000000000000000e+02 9.100000000000000000e+01 2.358000000000000000e+03
3.825000000000000000e+03 3.000000000000000000e+01 1.104000000000000000e+03
8.610000000000000000e+02 2.000000000000000000e+01 1.358000000000000000e+03
9.964000000000000000e+03 5.000000000000000000e+01 1.580000000000000000e+03
5.613000000000000000e+03 2.000000000000000000e+01 1.304000000000000000e+03
1.700000000000000000e+01 2.610000000000000000e+02 3.544000000000000000e+03
4.422000000000000000e+03 2.020000000000000000e+02 2.667000000000000000e+03
7.061000000000000000e+03 3.000000000000000000e+00 7.061000000000000000e+03
1.700000000000000000e+01 5.000000000000000000e+00 1.115700000000000000e+04
1.927000000000000000e+03 3.200000000000000000e+01 4.394000000000000000e+03
3.521000000000000000e+03 7.700000000000000000e+01 8.664000000000000000e+03
1.295300000000000000e+04 4.000000000000000000e+00 1.740000000000000000e+02
7.433000000000000000e+03 2.300000000000000000e+01 5.800000000000000000e+01
5.254000000000000000e+03 1.170000000000000000e+02 5.254000000000000000e+03
6.546000000000000000e+03 4.900000000000000000e+01 5.641000000000000000e+03
1.836000000000000000e+03 1.810000000000000000e+02 3.358000000000000000e+03
1.575000000000000000e+03 2.600000000000000000e+01 7.396000000000000000e+03
1.001000000000000000e+03 1.360000000000000000e+02 1.001000000000000000e+03
5.539000000000000000e+03 2.600000000000000000e+01 8.745000000000000000e+03
1.315000000000000000e+04 1.150000000000000000e+02 1.085800000000000000e+04
1.010800000000000000e+04 1.710000000000000000e+02 1.000000000000000000e+01
3.643000000000000000e+03 4.600000000000000000e+01 1.070000000000000000e+02
9.720000000000000000e+02 1.100000000000000000e+01 4.411000000000000000e+03
3.425000000000000000e+03 1.030000000000000000e+02 3.405000000000000000e+03
1.170200000000000000e+04 2.000000000000000000e+01 1.925000000000000000e+03
4.430000000000000000e+02 4.110000000000000000e+02 3.550000000000000000e+02
2.991000000000000000e+03 2.600000000000000000e+01 9.005000000000000000e+03
9.900000000000000000e+01 3.200000000000000000e+01 1.319000000000000000e+03
8.066000000000000000e+03 6.300000000000000000e+01 4.077000000000000000e+03
1.211400000000000000e+04 1.220000000000000000e+02 1.271000000000000000e+03
3.600000000000000000e+01 1.800000000000000000e+01 4.875000000000000000e+03
8.461000000000000000e+03 7.300000000000000000e+01 2.140000000000000000e+02
5.100000000000000000e+01 1.290000000000000000e+02 6.231000000000000000e+03
7.534000000000000000e+03 3.260000000000000000e+02 3.890000000000000000e+03
1.060900000000000000e+04 1.680000000000000000e+02 3.600000000000000000e+01
1.118700000000000000e+04 1.600000000000000000e+01 3.168000000000000000e+03
5.456000000000000000e+03 7.900000000000000000e+01 5.455000000000000000e+03
7.646000000000000000e+03 3.000000000000000000e+00 7.646000000000000000e+03
7.790000000000000000e+02 3.100000000000000000e+01 9.324000000000000000e+03
1.538000000000000000e+03 1.300000000000000000e+01 1.538000000000000000e+03
1.090000000000000000e+03 2.670000000000000000e+02 5.800000000000000000e+01
6.681000000000000000e+03 3.700000000000000000e+01 2.991000000000000000e+03
5.287000000000000000e+03 3.000000000000000000e+01 1.462000000000000000e+03
2.215000000000000000e+03 2.000000000000000000e+01 3.116000000000000000e+03
1.066400000000000000e+04 7.900000000000000000e+01 9.675000000000000000e+03
1.270500000000000000e+04 1.710000000000000000e+02 9.000000000000000000e+00
3.606000000000000000e+03 3.000000000000000000e+01 1.927000000000000000e+03
3.726000000000000000e+03 7.000000000000000000e+00 4.406000000000000000e+03
4.681000000000000000e+03 5.300000000000000000e+01 3.900000000000000000e+01
1.818000000000000000e+03 4.940000000000000000e+02 4.900000000000000000e+01
1.421400000000000000e+04 2.300000000000000000e+01 2.114000000000000000e+03
1.345200000000000000e+04 2.940000000000000000e+02 1.930000000000000000e+02
1.074300000000000000e+04 2.960000000000000000e+02 2.400000000000000000e+02
8.669000000000000000e+03 8.000000000000000000e+00 9.000000000000000000e+00
8.627000000000000000e+03 2.300000000000000000e+01 5.800000000000000000e+01
7.458000000000000000e+03 3.500000000000000000e+01 9.930000000000000000e+02
4.996000000000000000e+03 3.630000000000000000e+02 6.497000000000000000e+03
1.001000000000000000e+03 1.360000000000000000e+02 1.001000000000000000e+03
1.093500000000000000e+04 2.770000000000000000e+02 9.275000000000000000e+03
1.017200000000000000e+04 3.050000000000000000e+02 1.017200000000000000e+04
1.346000000000000000e+03 4.600000000000000000e+01 2.144000000000000000e+03
7.777000000000000000e+03 1.720000000000000000e+02 1.702000000000000000e+03
8.540000000000000000e+03 4.990000000000000000e+02 1.380000000000000000e+02
4.681000000000000000e+03 4.400000000000000000e+01 1.095000000000000000e+03
7.680000000000000000e+03 6.500000000000000000e+01 3.367000000000000000e+03
3.398000000000000000e+03 1.190000000000000000e+02 5.800000000000000000e+01
1.178800000000000000e+04 2.200000000000000000e+01 2.344000000000000000e+03
1.043000000000000000e+03 1.020000000000000000e+02 1.226300000000000000e+04
1.405500000000000000e+04 4.710000000000000000e+02 2.300000000000000000e+02
3.149000000000000000e+03 3.700000000000000000e+01 3.718000000000000000e+03
3.079000000000000000e+03 1.000000000000000000e+01 9.720000000000000000e+02
3.170000000000000000e+02 9.900000000000000000e+01 1.820000000000000000e+02
1.053000000000000000e+03 1.350000000000000000e+02 1.040400000000000000e+04
5.300000000000000000e+01 1.810000000000000000e+02 5.610000000000000000e+02
1.763000000000000000e+03 7.900000000000000000e+01 5.860000000000000000e+03
1.003000000000000000e+03 1.100000000000000000e+01 3.973000000000000000e+03
7.109000000000000000e+03 2.200000000000000000e+01 5.086000000000000000e+03
3.988000000000000000e+03 1.640000000000000000e+02 7.799000000000000000e+03
2.220000000000000000e+02 3.500000000000000000e+01 2.440000000000000000e+03
4.650000000000000000e+02 1.240000000000000000e+02 4.526000000000000000e+03
9.000000000000000000e+00 5.000000000000000000e+00 1.333900000000000000e+04
9.105000000000000000e+03 1.460000000000000000e+02 2.110000000000000000e+02
4.030000000000000000e+02 9.100000000000000000e+01 2.358000000000000000e+03
8.403000000000000000e+03 1.720000000000000000e+02 7.631000000000000000e+03
1.281000000000000000e+03 1.360000000000000000e+02 1.281000000000000000e+03
8.400000000000000000e+01 7.300000000000000000e+01 2.140000000000000000e+02
5.474000000000000000e+03 2.100000000000000000e+01 3.663000000000000000e+03
3.861000000000000000e+03 2.800000000000000000e+01 3.860000000000000000e+03
3.350000000000000000e+02 1.040000000000000000e+02 3.350000000000000000e+02
1.034500000000000000e+04 1.640000000000000000e+02 5.200000000000000000e+02
3.624000000000000000e+03 1.180000000000000000e+02 5.810000000000000000e+02
3.280000000000000000e+03 7.700000000000000000e+01 3.580000000000000000e+03
1.088900000000000000e+04 1.910000000000000000e+02 4.628000000000000000e+03
2.250000000000000000e+02 3.100000000000000000e+01 8.842000000000000000e+03
9.740000000000000000e+02 7.900000000000000000e+01 3.566000000000000000e+03
4.585000000000000000e+03 1.290000000000000000e+02 3.850000000000000000e+02
1.283000000000000000e+03 3.200000000000000000e+01 9.635000000000000000e+03
3.970000000000000000e+02 1.600000000000000000e+02 7.690000000000000000e+03
1.271000000000000000e+03 3.500000000000000000e+01 3.124000000000000000e+03
9.040000000000000000e+03 1.050000000000000000e+02 1.059300000000000000e+04
4.220000000000000000e+03 7.200000000000000000e+01 4.520000000000000000e+02
4.905000000000000000e+03 1.600000000000000000e+01 4.061000000000000000e+03
