FB15K
--------------

Initial tuples indicate freq=1 of 9717 r1,r2 pairs.

Len 2: 
[[   1 9717]
 [   2 5396]
 [   3 3376]
 [   4 2759]
 [   5 1952]
 [   6 1680]
 [   7 1316]
 [   8 1168]
 [   9  977]] [0.17088441 0.26577915 0.32514992 0.37367005 0.40799817 0.43754287
 0.46068621 0.48122681 0.49840846]
 
 Len 1:
 [[  1 144]
 [  2  92]
 [  3  55]
 [  4  62]
 [  5  49]
 [  6  28]
 [  7  30]
 [  8  36]
 [  9  13]
 [ 10  15]
 [ 11  14]
 [ 12  20]
 [ 13   9]
 [ 14  15]
 [ 15  14]
 [ 16  11]
 [ 17  19]
 [ 18   8]
 [ 19  17]
 [ 20  13]] [0.1070632  0.17546468 0.21635688 0.26245353 0.29888476 0.3197026
 0.34200743 0.36877323 0.37843866 0.38959108 0.4        0.41486989
 0.42156134 0.43271375 0.44312268 0.45130112 0.46542751 0.47137546
 0.48401487 0.4936803 ]
 
 
 Len 3:
 
 [[     1 245846]
 [     2 152144]
 [     3  90897]
 [     4  82622]
 [     5  51253]
 [     6  55643]
 [     7  34044]
 [     8  38312]
 [     9  28950]
 [    10  29029]] [0.14928565 0.24167242 0.29686802 0.34703877 0.37816125 0.41194948
 0.4326221  0.45588639 0.47346577 0.49109312]